39
1
36
20
1
2
3
9
2
19
1
13
21
43
26
1
16
37
29
6
19
41
16
34
19
59
3
2
6
21
5
1
41
20
33
2
5
30
9
30
24
11
38
9
7
35
8
29
3
38
28
41
12
5
21
71
3
16
66
2
7
104
81
51
20
18
63
122
16
5
14
12
6
20
73
24
31
90
34
63
81
9
114
7
12
20
106
60
61
29
38
57
80
98
11
37
175
39
124
88
73
19
191
70
64
59
18
19
38
46
33
111
61
36
56
112
99
217
64
170
123
7
17
24
160
5
6
93
204
40
116
43
14
32
23
13
56
90
177
28
27
90
27
17
15
16
4
34
89
63
5
28
84
17
17
36
93
79
1
29
1
49
9
1
96
5
1
18
74
58
30
1
89
41
35
163
198
166
75
10
167
46
25
20
239
95
33
1
15
159
217
1
32
149
25
1
208
35
58
5
15
108
15
169
64
4
1
21
65
7
4
86
60
81
28
22
48
8
6
5
64
67
36
12
18
16
54
7
36
42
43
75
21
81
1
51
69
37
128
24
4
79
45
14
81
15
71
23
30
40
45
18
25
1
23
1
5
36
2
18
7
23
10
23
2
38
20
3
20
36
39
2
22
8
29
42
21
22
14
42
33
41
4
23
32
23
7
53
10
14
2
12
15
1
7
1
34
9
16
18
41
5
47
11
26
44
25
28
38
48
19
46
39
47
26
31
32
46
50
11
14
8
3
16
10
61
26
38
10
28
3
73
110
70
16
156
11
119
3
66
29
162
50
20
87
92
77
16
66
143
25
10
29
105
1
11
15
119
64
23
105
38
16
29
17
2
21
3
6
15
1
1
1
11
18
14
4
12
8
17
9
13
25
5
12
39
18
12
4
14
46
29
7
53
8
22
4
6
29
9
22
8
4
40
5
22
33
13
21
20
54
30
44
40
43
46
36
59
5
6
39
9
54
43
12
38
9
22
17
10
13
12
45
22
33
15
53
46
17
38
38
32
44
6
5
9
45
50
2
1
3
2
4
2
4
1
3
4
1
4
7
4
4
5
8
2
3
8
2
4
3
4
4
2
5
4
2
4
4
5
4
7
5
3
5
7
7
6
8
1
8
8
7
7
7
4
1
8
7
3
4
5
4
4
4
5
4
5
4
5
5
4
5
4
5
4
5
5
5
6
5
5
4
4
8
7
8
8
7
6
8
8
4
8
6
8
5
6
9
8
8
8
8
33
117
97
50
6
10
3
35
3
5
19
21
36
29
43
21
8
27
2
11
54
7
34
26
3
21
46
9
12
43
26
60
23
62
43
16
27
33
15
44
58
57
46
1
62
13
3
1
1
1
3
8
1
3
4
16
1
19
1
4
11
10
13
16
11
18
11
5
9
5
13
19
14
2
15
25
6
20
13
14
17
12
7
17
14
21
10
18
15
12
9
14
8
7
21
7
6
14
4
9
13
10
18
10
15
11
15
8
12
16
14
19
8
15
21
21
13
8
22
24
26
18
2
8
3
1
1
2
1
6
7
9
5
1
8
3
6
8
7
8
1
13
7
11
10
12
7
13
12
13
12
13
6
14
5
6
6
5
2
7
12
7
2
16
12
6
6
6
19
4
15
5
13
17
12
14
12
8
6
3
12
15
6
1
3
2
2
11
6
15
3
4
9
11
10
9
18
16
20
11
1
16
12
2
10
18
16
12
12
14
15
19
25
15
17
11
12
19
20
16
21
8
9
22
22
40
12
65
115
417
1
182
19
72
132
22
30
134
28
23
18
30
52
9
129
4
21
23
62
38
8
63
120
65
55
26
26
108
22
14
50
1
36
16
17
41
63
29
55
35
10
8
11
32
17
27
5
18
52
27
18
35
11
4
1
36
15
23
5
23
27
49
13
94
23
46
53
77
49
31
72
36
53
38
59
9
16
2
22
41
50
25
15
3
13
25
8
33
7
23
34
8
45
17
46
8
11
29
3
24
17
16
29
12
19
9
30
17
14
11
12
11
1
10
28
9
5
2
22
11
12
5
29
80
28
67
44
24
3
13
29
10
46
56
28
23
19
72
13
28
23
17
12
29
52
35
17
8
11
48
41
61
31
1
8
67
3
5
7
10
7
12
12
15
6
37
17
16
15
36
10
11
16
14
16
19
11
17
22
14
9
12
3
9
13
13
23
2
9
13
15
15
2
15
26
18
16
12
22
18
15
17
11
17
14
10
1
15
1
1
2
4
6
13
3
9
9
1
6
12
9
10
5
12
1
4
4
19
14
5
13
15
20
5
8
1
21
17
10
13
2
16
3
18
12
17
9
5
7
27
20
20
25
15
4
4
19
8
19
13
4
5
6
7
14
21
15
17
18
17
21
11
25
4
5
25
4
20
4
3
17
3
5
1
9
12
33
3
13
19
28
19
34
19
32
9
4
35
27
20
16
24
26
12
35
11
7
20
35
40
29
23
31
13
9
27
20
2
19
38
14
30
2
58
2
11
12
62
7
31
1
27
7
2
63
68
37
25
10
47
27
10
10
32
31
34
23
25
17
23
78
95
62
64
55
16
13
8
26
11
47
30
36
44
41
39
15
28
61
49
5
15
10
15
86
13
3
11
15
6
12
25
92
15
6
15
53
48
93
136
31
21
44
3
18
68
40
119
87
13
38
15
26
25
64
75
90
6
34
68
71
22
135
51
7
68
28
2
10
82
20
30
9
62
57
74
71
89
38
8
36
43
55
116
49
16
2
66
108
65
62
13
43
61
89
128
104
40
3
43
97
94
28
175
42
11
24
22
62
41
4
18
23
367
31
40
58
85
22
14
12
15
5
17
9
94
102
51
15
33
104
69
23
6
57
107
80
35
12
26
26
58
52
7
31
42
52
30
13
13
45
74
27
29
29
37
33
86
61
13
52
3
11
61
93
29
40
10
72
93
54
100
11
113
1
26
1
3
14
2
1
34
2
35
44
2
7
23
44
77
3
5
6
5
3
3
9
1
2
3
4
16
2
5
45
46
27
55
33
1
16
39
13
23
13
33
22
66
23
12
14
