4
7
10
3
9
64
26
91
1
1
18
26
47
11
41
42
4
61
12
2
54
47
17
13
18
5
13
11
11
31
54
31
104
39
25
29
12
27
8
24
13
9
39
13
44
37
20
27
11
14
14
40
40
51
13
47
63
52
45
30
43
13
13
16
4
12
4
4
29
4
6
20
9
24
8
20
11
16
5
22
5
12
16
21
2
31
12
17
25
18
12
19
8
9
14
45
13
31
20
18
22
21
18
17
12
13
13
16
3
26
27
17
25
32
7
6
35
15
13
42
8
17
21
28
13
18
10
11
32
6
52
7
10
26
10
21
7
19
5
10
25
12
24
21
18
12
20
24
28
28
16
20
12
21
38
21
1
23
16
24
9
12
17
27
24
39
3
9
22
22
3
31
39
27
44
11
21
11
20
18
5
1
1
1
13
1
1
1
1
1
2
2
3
2
1
1
2
1
2
1
13
1
19
20
10
1
3
10
11
7
5
18
3
7
1
7
14
2
12
11
23
16
4
16
10
5
7
18
4
9
10
8
17
15
25
20
15
13
7
6
3
5
26
9
39
24
11
26
9
12
35
23
46
2
17
31
33
7
15
14
25
21
23
14
49
24
36
9
20
26
29
8
10
2
26
22
30
14
36
30
4
11
23
28
23
21
1
2
2
1
1
3
1
2
1
2
2
2
2
2
2
2
1
1
1
2
2
1
1
2
3
1
2
1
2
2
2
2
3
2
2
2
2
1
2
1
2
2
2
2
2
2
2
2
6
3
2
1
2
3
2
2
1
2
2
2
2
2
2
2
1
2
3
2
2
2
2
2
2
2
2
2
2
3
1
3
3
3
3
4
3
3
3
3
3
3
1
1
1
1
1
1
1
1
3
2
2
4
1
1
9
2
9
4
7
2
2
3
3
5
1
1
6
5
4
7
1
7
7
7
7
7
4
9
3
4
1
4
2
3
4
4
5
7
6
5
7
6
1
7
2
5
7
6
5
8
7
8
10
4
4
7
3
8
2
7
5
4
11
8
11
2
10
5
4
5
8
5
12
4
11
11
12
9
17
16
3
18
10
5
14
6
15
7
17
2
13
6
15
10
7
5
3
12
9
11
12
15
14
14
17
10
11
16
13
7
15
8
25
11
23
52
1
22
13
2
1
1
16
33
30
2
10
2
29
26
2
25
29
14
27
2
3
6
11
2
13
5
1
27
31
18
20
13
20
24
2
14
11
1
28
20
2
3
25
4
11
28
32
42
37
22
32
24
3
27
5
5
10
4
8
4
4
5
8
4
4
2
4
7
10
6
7
5
2
3
4
8
9
7
4
10
4
8
7
9
11
11
6
4
6
7
8
7
4
6
6
6
4
5
3
4
3
2
9
6
9
3
9
5
3
9
9
1
5
1
1
2
1
2
3
1
8
2
6
3
2
2
3
4
6
4
6
9
3
9
13
9
11
15
8
5
10
6
3
5
13
2
6
5
1
10
3
5
10
14
1
7
9
8
12
13
1
6
7
14
11
13
12
4
14
10
7
3
13
7
15
3
4
10
17
42
32
7
27
6
35
22
1
32
38
6
32
35
31
19
29
12
49
27
46
28
31
38
5
4
6
32
49
30
42
28
8
12
44
11
5
20
12
27
26
19
18
26
11
18
4
22
8
35
33
10
29
9
51
15
31
7
8
3
16
38
3
36
36
45
15
34
23
17
7
10
44
9
1
5
45
48
26
52
94
3
75
15
1
53
20
75
1
124
1
93
82
13
27
5
29
45
32
58
114
91
19
2
33
14
48
41
104
122
79
5
21
4
2
21
31
34
2
49
77
42
37
23
13
61
35
21
62
2
18
50
1
6
5
22
55
8
59
10
3
59
36
61
42
12
69
6
24
23
59
34
16
24
30
41
36
65
12
38
87
62
45
4
33
26
53
13
23
57
23
8
108
