1	36	103
2	40	378
3	4	403
4	2	414
5	6	440
6	1	537
7	1	541
8	3	586
9	38	641
10	22	649
11	4	684
12	2	715
13	2	1072.01
14	9	1073
15	7	1185
16	2	1186
17	29	1199
18	4	1289
19	14	1322
20	24	1335.01
21	14	1343
22	40	1345
23	1	1373
24	55	1381
25	28	1415
26	32	1416
27	9	1474
28	2	1982
29	31	1986
30	19	2218
31	8	2259
32	5	2416
33	26	2471
34	34	2489
35	20	2549
36	27	2609
37	20	2612
38	3	2632
39	16	2705
40	2	2724
41	22	2729
42	25	2745
43	24	2769
44	6	2785
45	7	2823
46	6	2832
47	21	2843
48	29	2853
49	36	2861
50	23	2915
51	12	40
52	15	247
53	56	257
54	26	669
55	19	671.01
56	116	765
57	72	1606
58	13	1672
59	299	1709
60	64	1712
61	88	1759
62	65	1892
63	75	2086
64	20	2191
65	9	2279
66	9	2304
67	5	2460
68	5	2464
69	46	2471
70	23	2540
71	10	2556
72	146	2598
73	1	2996
74	4	3951
75	15	4071
76	32	4096
77	48	4156
78	10	4254
79	26	4333
80	10	4391
81	13	4409
82	61	4476
83	6	4521
84	45	4620
85	1	4623
86	47	4690
87	17	4760
88	113	4765
89	45	4822
90	5	4872
91	1	74
92	18	91
93	2	344
94	2	368
95	26	368
96	8	411
97	12	428
98	28	432
99	9	434
100	44	436
101	10	671
102	7	691
103	46	712
104	37	748
105	1	751
106	47	770
107	16	796
108	5	806
109	22	837
110	4	970
111	10	981.01
112	46	983
113	7	1022
114	6	1023
115	22	1024
116	24	1088
117	30	1108
118	13	1120
119	15	1140
120	33	1152
121	22	1163
122	3	1164
123	13	1168
124	29	1190
125	29	1218
126	16	1263
127	34	1269.01
128	5	1305
129	10	1311
130	8	1404
131	29	1828
132	23	1851
133	14	1890
134	25	1900
135	6	1950
136	33	1966
137	21	1998
138	16	2010
139	6	2062
140	28	2099
141	8	2206
142	23	2211
143	5	2269
144	26	2271
145	11	2295
146	48	2327
147	22	2335
148	22	2359
149	32	2369
150	20	2380
151	39	2389
152	21	2390
153	11	2417
154	27	2428
155	15	2444
156	25	2448
157	25	2452
158	29	2467
159	6	2524
160	5	2538
161	31	2555
162	7	2610
163	17	2611
164	25	2615
165	6	2628
166	29	216
167	52	875
168	20	891
169	162	928
170	6	1708
171	13	1727
172	61	1735
173	55	1915
174	15	1940
175	3	2436
176	60	2567
177	40	2630
178	75	2754
179	5	2777
180	97	2833
181	52	2841
182	8	2971
183	5	2982
184	2	4534
185	100	4598
186	51	4923
187	44	4928
188	4	5191
189	2	5249
190	34	5270
191	25	5432
192	12	5541
193	28	5580
194	35	5645
195	31	5652
196	27	5691
197	17	5755
198	26	5824
199	3	5909
200	18	6003
201	15	39
202	5	62
203	2	72
204	13	88
205	2	105
206	1	112
207	7	150
208	3	168
209	2	171
210	6	183
211	1	308
212	14	438
213	13	481
214	2	487
215	4	523
216	14	527
217	15	532
218	32	561
219	18	562
220	1	589
221	3	601
222	3	603
223	32	610
224	28	635.01
225	26	642
226	11	650
227	4	756.01
228	47	974
229	29	976
230	12	984
231	2	1005
232	23	1006
233	17	1041.01
234	4	1066
235	19	1091
236	16	1092
237	3	1096
238	21	1110
239	33	1111
240	24	1112
241	48	1129
242	17	1131
243	20	1135
244	35	1149
245	29	1173
246	14	1181
247	4	1187
248	23	1188
249	3	1194
250	40	1196
251	44	1201
252	22	1202
253	41	1204
254	3	1718
255	10	2110
256	11	2197
257	25	2738
258	19	2788
259	6	2799
260	7	2811
261	24	2869
262	24	2902
263	4	2912
264	33	2940
265	42	2947
266	37	2957
267	31	2964
268	11	2988
269	20	2991
270	58	2999
271	45	3021
272	34	3028
273	34	3031
274	38	3062
275	25	3066
276	1	3081
277	15	3084
278	12	3130
279	13	3131
280	22	3146
281	28	3147
282	54	3174
283	52	3175
284	28	3179
285	13	3182
286	34	3189
287	49	3191
288	34	3234
289	54	3239
290	37	3246
291	16	3247
292	43	3269
293	34	3270
294	7	3275
295	28	3281
296	34	3292
297	23	3293
298	17	3309
299	38	3312
300	31	3315
301	58	3319
302	33	3321
303	17	3323
304	4	3326
305	42	3356
306	1	2
307	3	5
308	3	31
309	1	37
310	1	37
311	2	41
312	3	41
313	3	42
314	4	44
315	3	45
316	2	47
317	3	48
318	3	49
319	4	56
320	3	62
321	4	63
322	1	64
323	2	65
324	3	67
325	3	67
326	3	69
327	3	70
328	3	71
329	5	72
330	4	75
331	3	76
332	3	81
333	4	83
334	4	85
335	1	88
336	3	89
337	4	91
338	3	93
339	3	95
340	2	98
341	3	98
342	4	100
343	3	101
344	2	103
345	3	104
346	2	105
347	3	107
348	3	109
349	3	113
350	1	114
351	3	115
352	3	116
353	2	120
354	2	121
355	3	123
356	3	124
357	3	135
358	3	142
359	3	143
360	3	144
361	3	148
362	3	151
363	4	154
364	3	155
365	4	156
366	3	162
367	3	164
368	3	165
369	3	168
370	3	169
371	4	172
372	2	175
373	4	176
374	3	179
375	3	181
376	3	182
377	3	183
378	3	185
379	4	186
380	3	187
381	2	188
382	5	189
383	3	190
384	4	191
385	3	192
386	3	194
387	3	194
388	3	196
389	3	201
390	5	203
391	10	908
392	68	951
393	104	964
394	8	1408
395	153	1806
396	17	1812
397	1	1820
398	162	2878
399	22	3169
400	187	3220
401	63	3233.01
402	35	3234
403	48	3245
404	115	3247
405	30	3256
406	73	4661
407	44	4920
408	30	4968
409	35	5079
410	26	5200
411	25	5299
412	13	5528
413	31	5614
414	126	5627
415	12	5640
416	59	5866
417	44	6011
418	16	6025
419	3	6041
420	42	6089
421	6	114
422	37	451
423	8	510
424	75	690
425	24	694
426	16	717
427	6	814
428	30	865
429	2	868
430	20	984
431	22	1087
432	5	1339
433	28	1431
434	20	1441
435	12	1471
436	42	1496
437	12	1559
438	28	1587
439	11	1589
440	1	1606
441	20	1607
442	3	1877
443	30	1925
444	7	2086
445	21	2239
446	32	2299
447	1	2304
448	15	2405
449	24	2488
450	1	2566
451	42	2606
452	46	2663
453	46	2676
454	15	2677
455	25	2707
456	34	2730
457	23	2771
458	8	2792
459	11	11.01
460	4	22
461	3	46
462	3	49
463	3	51
464	3	55
465	2	61
466	4	84
467	5	114
468	2	118
469	6	119
470	9	129
471	8	139
472	9	141
473	6	144
474	3	145
475	8	195
476	9	201
477	5	204
478	9	205
479	8	208
480	7	210
481	7	213
482	14	217
483	3	218
484	3	221
485	7	225
486	10	227
487	8	229
488	9	233
489	7	235
490	9	236
491	11	237
492	12	239
493	6	240
494	3	240
495	7	241
496	15	243
497	3	244
498	6	244
499	6	246
500	12	248
501	8	250
502	10	250
503	8	254
504	8	261
505	3	262
506	7	274
507	3	281
508	9	287
509	7	305
510	6	306
511	11	317
512	4	327
513	2	331
514	9	332
515	11	334
516	11	337
517	14	342
518	5	348
519	8	349
520	6	354
521	9	355
522	10	366
523	7	368
524	16	373
525	12	456
526	6	466
527	14	471
528	7	484
529	3	485
530	7	500
531	14	524
532	10	530
533	3	531
534	5	536
535	10	558
536	5	563
537	11	572
538	14	578
539	8	579
540	15	580
541	15	582
542	8	594
543	14	598
544	6	599
545	8	601
546	3	603
547	11	620
548	11	622
549	15	623
550	9	624
551	16	628
552	6	629
553	12	635
554	8	637
555	6	638
556	10	640
557	9	641
558	9	643
559	12	644
560	8	649
561	13	650
562	9	655
563	4	656
564	9	657
565	9	666
566	12	668
567	9	670
568	10	673
569	9	675
570	8	677
571	10	678
572	2	680
573	3	682
574	12	688
575	11	689
576	14	699
577	4	703
578	8	715
579	5	728
580	13	742
581	6	743
582	8	745
583	14	778
584	15	782
585	6	783
586	6	785
587	1	791
588	8	798
589	41	70
590	29	200
591	26	622
592	30	673
593	64	719
594	44	731
595	31	954
596	7	1004
597	48	1245
598	39	1247
599	17	1308
600	28	1320
601	1	1346.01
602	15	1376
603	2	1453
604	5	1454
605	40	1781
606	39	1820
607	36	1836
608	60	1889
609	11	1894
610	6	1906
611	45	1932
612	86	1935.01
613	7	1949
614	16	1952
615	52	2004
616	1	2025
617	61	2080
618	81	2096
619	25	2973
620	50	3059
621	55	3133
622	45	3201
623	32	3279
624	11	3359
625	53	3386
626	30	3421
627	16	3432
628	27	3467
629	8	3481
630	32	3553
631	19	3555
632	47	3585
633	44	3587
634	10	3640
635	23	3642
636	7	3646
637	15	3668
638	64	3680
639	52	3703
640	28	3750
641	15	3792
642	9	3794
643	70	3865
644	23	3881
645	14	3886
646	57	3893
647	37	3903
648	31	3909
649	5	164
650	9	211
651	11	263
652	12	289
653	7	299
654	1	305
655	17	308.01
656	12	316
657	11	345
658	8	347
659	4	365
660	10	385
661	2	393
662	10	397
663	12	416
664	24	419
665	15	434
666	12	438
667	5	452
668	6	455
669	11	460
670	7	462
671	3	462
672	9	468
673	18	478
674	18	510
675	4	570
676	1	588
677	9	589
678	10	593
679	8	602
680	11	610
681	13	639
682	1	684
683	13	687
684	8	720
685	15	734
686	15	735
687	13	768
688	15	786
689	16	817
690	8	825
691	12	837
692	15	859
693	5	865
694	4	868
695	11	875
696	14	887
697	17	899
698	4	3
699	14	26
700	2	89
701	4	118.01
702	7	125
703	12	154
704	1	159
705	12	163
706	1	187
707	11	196
708	15	202
709	1	210.01
710	3	211
711	3	222
712	3	258
713	3	283
714	15	284
715	12	291
716	14	293
717	28	298
718	1	303
719	7	307
720	9	315
721	16	321
722	2	402
723	3	439
724	21	458
725	12	472
726	15	484
727	13	485
728	12	501.01
729	16	502
730	2	505.01
731	17	531.01
732	8	537
733	20	539
734	10	545
735	15	548
736	9	550
737	16	552
738	12	565
739	3	568
740	12	581
741	15	583
742	7	586
743	26	588
744	4	589
745	26	599
746	16	604
747	17	613
748	15	917
749	3	943
750	7	948
751	16	952
752	14	958
753	12	987
754	17	988
755	14	1013
756	9	1017
757	21	1022
758	2	1026
759	5	1049
760	6	1075
761	15	1096
762	15	1106
763	21	1116
764	4	1116
765	9	1131
766	12	1138
767	12	1140
768	9	1151
769	6	1159
770	20	1173
771	23	1177
772	16	1194
773	17	1199
774	15	1201
775	16	1204
776	22	1205
777	13	1218
778	3	1221
779	12	1236
780	13	1239
781	20	1247
782	17	1258
783	8	1259
784	14	1264
785	12	1271
786	13	1274
787	10	1277
788	12	1278
789	16	1283
790	26	1288
791	15	1289
792	19	1316
793	17	1323
794	26	1329
795	19	1331
796	14	1332
797	29	1335
798	7	85
799	10	202
800	5	303
801	1	543
802	1	559
803	10	678
804	1	774
805	1	903
806	3	1003
807	7	1061
808	1	1104
809	2	1121
810	5	1195
811	9	1228
812	21	1271
813	6	1675
814	1	1705
815	12	1732.01
816	29	1968
817	2	2056
818	1	2085
819	1	2313
820	42	2336
821	4	2401
822	11	2527
823	12	2625
824	28	2761
825	15	2784
826	14	2860
827	1	3009