36
40
4
2
6
1
1
3
38
22
4
2
2
9
7
2
29
4
14
24
14
40
1
55
28
32
9
2
31
19
8
5
26
34
20
27
20
3
16
2
22
25
24
6
7
6
21
29
36
23
12
15
56
26
19
116
72
13
299
64
88
65
75
20
9
9
5
5
46
23
10
146
1
4
15
32
48
10
26
10
13
61
6
45
1
47
17
113
45
5
1
18
2
2
26
8
12
28
9
44
10
7
46
37
1
47
16
5
22
4
10
46
7
6
22
24
30
13
15
33
22
3
13
29
29
16
34
5
10
8
29
23
14
25
6
33
21
16
6
28
8
23
5
26
11
48
22
22
32
20
39
21
11
27
15
25
25
29
6
5
31
7
17
25
6
29
52
20
162
6
13
61
55
15
3
60
40
75
5
97
52
8
5
2
100
51
44
4
2
34
25
12
28
35
31
27
17
26
3
18
15
5
2
13
2
1
7
3
2
6
1
14
13
2
4
14
15
32
18
1
3
3
32
28
26
11
4
47
29
12
2
23
17
4
19
16
3
21
33
24
48
17
20
35
29
14
4
23
3
40
44
22
41
3
10
11
25
19
6
7
24
24
4
33
42
37
31
11
20
58
45
34
34
38
25
1
15
12
13
22
28
54
52
28
13
34
49
34
54
37
16
43
34
7
28
34
23
17
38
31
58
33
17
4
42
1
3
3
1
1
2
3
3
4
3
2
3
3
4
3
4
1
2
3
3
3
3
3
5
4
3
3
4
4
1
3
4
3
3
2
3
4
3
2
3
2
3
3
3
1
3
3
2
2
3
3
3
3
3
3
3
3
4
3
4
3
3
3
3
3
4
2
4
3
3
3
3
3
4
3
2
5
3
4
3
3
3
3
3
5
10
68
104
8
153
17
1
162
22
187
63
35
48
115
30
73
44
30
35
26
25
13
31
126
12
59
44
16
3
42
6
37
8
75
24
16
6
30
2
20
22
5
28
20
12
42
12
28
11
1
20
3
30
7
21
32
1
15
24
1
42
46
46
15
25
34
23
8
11
4
3
3
3
3
2
4
5
2
6
9
8
9
6
3
8
9
5
9
8
7
7
14
3
3
7
10
8
9
7
9
11
12
6
3
7
15
3
6
6
12
8
10
8
8
3
7
3
9
7
6
11
4
2
9
11
11
14
5
8
6
9
10
7
16
12
6
14
7
3
7
14
10
3
5
10
5
11
14
8
15
15
8
14
6
8
3
11
11
15
9
16
6
12
8
6
10
9
9
12
8
13
9
4
9
9
12
9
10
9
8
10
2
3
12
11
14
4
8
5
13
6
8
14
15
6
6
1
8
41
29
26
30
64
44
31
7
48
39
17
28
1
15
2
5
40
39
36
60
11
6
45
86
7
16
52
1
61
81
25
50
55
45
32
11
53
30
16
27
8
32
19
47
44
10
23
7
15
64
52
28
15
9
70
23
14
57
37
31
5
9
11
12
7
1
17
12
11
8
4
10
2
10
12
24
15
12
5
6
11
7
3
9
18
18
4
1
9
10
8
11
13
1
13
8
15
15
13
15
16
8
12
15
5
4
11
14
17
4
14
2
4
7
12
1
12
1
11
15
1
3
3
3
3
15
12
14
28
1
7
9
16
2
3
21
12
15
13
12
16
2
17
8
20
10
15
9
16
12
3
12
15
7
26
4
26
16
17
15
3
7
16
14
12
17
14
9
21
2
5
6
15
15
21
4
9
12
12
9
6
20
23
16
17
15
16
22
13
3
12
13
20
17
8
14
12
13
10
12
16
26
15
19
17
26
19
14
29
7
10
5
1
1
10
1
1
3
7
1
2
5
9
21
6
1
12
29
2
1
1
42
4
11
12
28
15
14
1
