1
1
10
15
5
3
1
13
15
4
13
6
1
2
1
6
4
1
1
18
1
17
1
8
7
18
24
16
2
34
2
29
11
1
2
24
1
5
14
7
16
11
5
8
14
2
17
2
4
15
10
9
22
8
7
15
25
19
5
8
3
14
13
11
2
18
33
4
26
2
4
1
15
18
4
1
19
9
27
5
17
18
28
14
18
13
5
2
17
7
16
31
14
9
2
14
6
16
28
24
40
7
13
8
23
27
11
25
27
4
18
30
35
22
41
22
14
19
18
8
9
35
15
16
25
7
9
4
5
5
2
12
3
3
6
7
10
9
8
1
20
22
23
7
17
9
2
12
6
15
7
3
21
14
13
22
14
7
22
15
16
6
13
27
12
16
18
24
7
18
6
20
19
26
6
11
18
11
12
32
13
21
11
18
13
17
13
19
21
7
38
15
13
10
1
14
15
16
14
41
10
6
48
23
32
31
34
19
56
11
66
54
30
16
11
15
6
58
1
13
2
14
2
5
2
4
4
2
3
2
2
6
9
18
1
3
2
4
16
1
5
10
26
2
18
23
1
20
5
12
2
14
9
6
17
19
3
16
38
11
1
25
3
27
22
11
17
16
34
31
39
27
30
1
4
14
28
32
11
20
9
1
3
20
5
7
5
27
7
16
17
12
31
26
19
8
7
37
10
12
3
11
34
41
32
7
29
4
8
22
33
5
25
35
35
24
3
46
18
19
31
35
29
5
39
9
10
19
16
4
32
14
42
6
1
1
1
1
1
1
1
1
1
1
1
1
1
1
1
1
1
1
1
1
1
1
1
1
1
1
1
1
1
1
1
1
1
1
1
1
1
1
1
1
1
1
1
1
1
1
1
1
1
1
1
1
1
1
1
1
1
1
1
1
1
1
1
1
1
1
1
1
1
1
1
1
1
1
1
1
1
1
1
1
1
1
1
1
1
1
1
1
1
1
1
1
1
1
1
1
1
1
1
1
1
1
1
1
1
1
1
1
1
1
1
1
1
1
4
1
4
10
20
4
1
2
22
40
11
52
7
48
13
3
24
41
23
19
19
1
35
31
22
31
1
2
7
1
1
1
1
1
2
2
2
1
3
2
2
1
2
2
2
3
3
1
3
2
2
2
2
3
1
3
6
5
1
1
2
4
2
1
1
1
6
4
8
3
2
3
2
1
1
2
3
1
2
4
1
5
3
2
3
1
3
3
3
7
3
4
7
17
10
3
7
2
13
5
7
5
3
13
6
4
3
8
8
3
2
10
8
10
12
13
6
14
1
8
1
8
7
4
8
3
1
6
1
8
2
3
11
1
11
10
6
4
8
3
5
8
4
9
10
9
3
2
11
11
17
37
3
2
11
47
11
24
20
33
27
2
23
4
42
7
2
2
27
8
5
28
13
8
32
29
1
35
8
28
33
1
3
3
1
1
5
11
1
1
8
3
1
1
4
3
1
8
10
1
1
1
3
24
2
19
18
11
1
3
6
8
7
1
1
7
2
15
14
8
1
5
1
11
7
1
3
4
3
1
2
4
6
2
3
4
8
2
1
2
1
1
2
6
6
2
4
1
3
6
8
1
8
1
1
2
5
3
3
1
2
1
9
1
8
1
1
6
3
5
3
1
7
3
8
13
1
8
9
6
8
7
1
3
1
7
3
6
12
11
7
9
4
1
10
1
8
11
5
14
3
5
5
13
3
10
7
1
2
13
6
9
8
11
9
5
3
8
1
9
11
4
8
5
9
5
12
14
7
7
3
5
9
5
17
8
3
1
9
1
2
5
7
1
1
11
8
4
8
14
22
6
6
1
6
14
15
18
7
8
5
15
1
7
44
4
22
1
49
8
30
70
11
17
10
31
2
22
9
17
37
8
64
7
21
30
10
31
25
5
43
5
31
4
34
29
7
27
5
12
29
6
34
45
19
32
18
14
10
47
47
7
18
3
2
15
30
28
28
5
17
20
20
17
10
8
2
14
27
5
33
41
42
32
16
23
1
2
21
18
15
50
7
7
24
31
26
35
23
6
5
53
32
45
6
33
28
12
9
9
6
12
13
34
27
14
19
45
29
14
45
11
80
16
25
2
6
6
44
19
13
33
27
33
