21
24
21
25
35
59
28
28
27
22
21
33
28
24
24
23
26
17
16
19
11
18
11
14
16
15
25
8
17
8
7
10
15
13
8
4
9
5
6
4
2
13
2
9
9
5
8
5
6
5
6
4
6
3
6
5
4
4
3
7
2
6
2
5
3
0
1
5
3
4
1
2
4
1
3
3
1
1
3
3
1
0
3
2
0
3
2
0
1
0
2
1
2
0
4
2
0
1
0
2
0
1
0
1
1
0
0
1
0
1
1
2
1
2
1
0
1
1
1
1
1
0
1
0
0
0
1
2
1
0
1
0
1
0
0
0
1
0
0
0
0
0
0
0
0
0
0
0
0
0
0
0
1
0
0
1
0
0
0
0
0
0
0
0
0
0
1
1
0
0
1
0
0
0
0
1
0
0
0
0
0
0
0
0
0
0
1
0
0
0
0
1
0
0
0
0
0
0
0
0
0
0
0
0
0
2
0
0
0
0
0
0
1
0
1
0
0
0
0
0
0
0
0
0
1
0
0
0
0
0
0
0
0
0
0
0
0
0
0
0
0
1
0
0
0
0
0
0
0
0
