17
50
33
3
30
20
10
7
15
1
32
12
7
24
34
46
28
29
27
21
19
12
24
12
12
15
2
33
8
31
1
35
91
43
95
20
55
1
119
187
242
2
2
60
2
1
45
37
84
1
117
15
206
192
1
62
80
1
35
225
69
21
100
118
27
86
68
16
112
70
15
16
60
10
73
63
110
9
2
55
45
11
59
60
39
32
31
34
96
14
56
58
52
9
91
3
24
25
15
17
7
50
2
28
3
28
14
3
16
32
18
17
40
62
11
37
29
12
58
3
37
33
44
31
46
7
33
22
63
75
35
4
29
35
55
46
18
26
23
34
5
13
19
27
27
24
13
29
45
6
15
48
33
16
42
12
55
34
20
32
23
38
54
4
52
47
27
52
34
51
48
64
15
25
60
49
16
61
42
26
20
12
39
15
49
171
167
98
215
206
104
95
64
73
176
213
123
27
153
20
120
27
168
128
84
1
7
30
2
27
1
2
9
4
4
2
8
6
17
1
11
6
1
21
4
18
8
3
34
4
27
14
43
6
36
16
26
22
20
2
19
31
10
29
37
20
6
12
25
19
34
25
44
7
16
44
40
32
25
25
19
47
26
53
33
27
22
11
16
24
26
27
27
22
34
19
39
29
5
28
22
14
38
32
21
8
14
33
29
18
5
38
23
9
7
46
8
20
20
17
30
45
3
36
49
15
59
20
26
45
47
51
33
30
19
23
76
22
53
27
29
42
6
23
5
13
60
36
29
9
27
37
11
22
30
14
22
19
1
13
6
6
4
4
6
6
5
5
5
9
6
4
4
5
6
6
4
5
6
6
7
6
6
7
6
6
6
6
3
6
5
6
6
4
6
4
10
8
6
7
6
6
1
5
5
6
1
6
7
6
6
6
7
7
7
9
8
6
9
10
6
10
9
6
9
6
10
9
12
8
4
6
6
9
5
6
10
2
4
2
17
21
3
7
13
9
13
5
5
18
5
13
12
6
9
14
8
16
17
17
12
17
8
8
13
6
14
12
14
19
15
6
25
15
18
14
20
16
17
13
3
27
29
19
12
14
17
12
20
11
6
25
16
2
24
4
8
14
18
12
7
23
13
13
6
3
19
15
24
12
24
5
11
15
20
8
13
3
22
27
29
14
30
2
10
22
5
6
27
33
20
13
15
20
7
10
26
9
25
13
17
32
17
14
26
14
29
30
29
14
12
5
25
16
18
4
20
9
6
10
8
8
21
11
9
7
17
16
5
15
13
10
1
16
15
9
22
4
14
14
9
22
16
15
18
11
2
17
15
18
11
17
6
8
22
10
12
21
15
16
12
6
19
19
2
1
11
15
18
11
13
12
12
7
13
8
12
11
13
13
17
5
17
12
27
12
14
16
10
8
9
14
10
29
23
30
56
45
9
13
2
55
1
54
1
56
60
34
2
44
21
4
4
3
8
25
13
3
3
18
7
39
68
48
11
37
129
87
71
83
27
4
47
68
128
114
25
114
2
156
69
108
18
86
50
96
47
72
8
112
127
36
17
64
34
16
8
5
2
1
93
52
7
17
93
23
14
7
32
9
44
42
12
5
60
42
33
50
12
95
80
21
100
17
13
11
9
11
5
5
6
6
17
26
28
18
6
20
5
10
4
5
9
6
28
16
23
9
6
10
8
4
19
13
29
16
15
10
5
32
7
23
27
2
19
4
6
5
12
5
31
13
7
35
9
33
7
8
19
7
1
14
14
15
20
15
28
24
25
6
11
13
35
12
25
17
33
15
18
5
22
5
34
21
13
39
22
27
22
6
26
5
11
8
13
41
27
23
3
3
2
29
26
42
11
62
73
37
58
45
57
70
89
8
1
51
42
10
12
87
42
62
21
49
64
3
47
50
42
38
55
49
51
11
40
79
37
64
31
44
131
42
62
76
25
32
28
33
42
33
79
35
70
45
2
8
24
48
65
12
18
20
24
53
44
10
13
45
24
14
37
61
26
22
56
92
8
38
75
44
29
62
53
16
80
57
262
39
40
10
8
2
6
74
5
95
17
41
11
26
24
12
12
6
4
79
3
115
3
27
26
133
42
105
76
121
48
10
86
7
73
58
24
75
78
113
27
72
102
53
137
47
111
49
35
57
34
34
7
42
33
68
83
31
16
68
25
65
70
3
17
81
59
77
56
26
67
57
53
69
16
12
47
51
9
17
54
83
44
27
18
51
5
65
22
46
