18
2
9
11
11
16
38
28
24
29
14
24
16
16
17
15
22
6
12
16
16
13
10
4
10
8
8
5
6
7
7
8
8
10
6
5
7
11
2
5
5
8
5
2
4
5
5
5
5
3
4
1
2
1
4
1
2
4
5
1
6
1
7
1
5
1
2
0
1
3
2
0
0
5
1
2
3
2
3
2
0
1
0
0
0
0
1
0
2
0
0
1
1
1
2
0
0
1
0
1
0
1
1
1
0
0
1
1
1
0
1
0
0
0
1
0
0
0
0
0
0
1
0
0
0
0
1
0
1
0
1
0
0
0
0
0
0
0
0
1
0
0
0
0
0
0
0
0
0
0
0
0
0
1
0
1
0
0
0
0
0
0
0
0
0
0
0
0
0
0
0
0
0
0
0
0
0
0
0
0
0
0
0
0
0
0
0
0
0
0
0
0
0
0
0
0
0
0
0
0
0
0
0
0
0
0
0
0
0
0
0
0
0
0
0
0
0
0
0
0
0
0
0
0
0
0
0
0
0
0
0
0
0
0
0
0
0
0
0
0
0
0
0
0
0
0
0
0
0
0
0
0
0
0
0
0
0
0
0
0
0
0
0
0
0
0
0
0
0
0
0
0
0
0
0
0
0
0
0
0
0
0
0
0
0
0
0
0
0
0
0
0
0
0
0
0
0
0
0
0
