1	154	111
2	31	159
3	12	682
4	66	827
5	34	898
6	74	921
7	111	941
8	38	1638
9	27	1696
10	41	1707
11	102	1739
12	59	1800
13	23	1809
14	65	1840
15	16	1866
16	80	1873
17	3	1883
18	57	2451
19	70	2826
20	7	2863
21	13	2866
22	36	2921
23	108	2922
24	5	2941
25	92	2944.01
26	5	2964
27	122	2973
28	37	2978
29	79	2986
30	10	2988.01
31	100	2996
32	129	3013
33	78	3032
34	45	5537
35	4	5875
36	32	5876
37	51	5936
38	61	5966
39	15	6008
40	21	6099
41	109	6236
42	31	6301
43	40	6312
44	25	6362
45	115	6370
46	44	6378
47	32	6399
48	38	6417
49	15	6423
50	140	6467
51	9	6472
52	131	6491
53	47	6499
54	59	6503
55	127	6524
56	59	6543
57	12	6558
58	63	6613
59	104	6623
60	52	6655
61	14	6667
62	67	6668
63	6	6739
64	95	6756
65	1	6763
66	21	94.01
67	1	134
68	22	400
69	37	466
70	1	470
71	16	483
72	33	998
73	30	999
74	33	1025
75	34	1047
76	12	1049
77	11	1052
78	65	1053
79	43	1055
80	16	1060
81	22	1077.01
82	26	1088
83	8	1557
84	46	1648
85	42	1712.01
86	55	1713
87	58	1736
88	16	1780
89	58	1787
90	55	1789
91	76	1852
92	74	1856
93	45	1863
94	38	1866
95	35	1868
96	45	1878
97	51	1885
98	26	1900
99	47	1902
100	41	1904
101	4	1905
102	40	2904
103	38	3226
104	12	3307
105	37	3499
106	35	3662
107	14	3717
108	46	3737
109	41	3766
110	42	3788
111	36	3793
112	35	3808
113	31	3845
114	78	3952
115	47	3960
116	56	4038
117	58	4077
118	15	4080
119	23	4111
120	9	4128
121	46	4145
122	31	4159
123	27	4160
124	46	4167
125	35	4176
126	41	4193
127	14	4206
128	64	4211
129	18	4213
130	32	4231
131	61	4234
132	14	4237
133	82	4248
134	30	4267
135	36	4286
136	61	64
137	38	542
138	2	744
139	65	745
140	59	759
141	48	1110
142	34	1139
143	8	1173
144	43	1231
145	47	1295
146	77	1345
147	48	1357
148	71	1365
149	63	2133
150	1	2156
151	4	2161
152	26	2162
153	7	2172
154	94	2232
155	57	2272
156	13	2353
157	58	2373
158	38	2389
159	49	2489
160	48	2497
161	43	4250
162	76	4817
163	74	4880
164	17	4917
165	3	4922
166	29	4938
167	20	5166
168	98	5170
169	77	5237
170	70	5254
171	65	5258
172	79	5282
173	63	5289
174	35	5358
175	16	5392
176	25	5414
177	50	5479
178	38	5502
179	36	5555
180	40	5571
181	49	5576
182	61	5659
183	24	5662
184	77	5675
185	63	5707
186	1	3.01
187	18	106
188	12	237
189	7	247
190	7	271
191	1	278
192	23	296
193	20	735
194	19	750
195	15	786
196	37	815
197	38	839
198	20	845
199	10	874
200	19	875
201	1	886
202	48	897
203	17	898
204	15	924
205	29	1360
206	17	1423
207	55	1511
208	11	1538
209	54	1544
210	21	1546
211	39	1558
212	7	1572
213	50	1601
214	37	1623
215	25	1624
216	49	1627
217	62	1676
218	28	1690
219	74	1696
220	10	1698
221	75	1706
222	29	1714
223	51	1724
224	46	1728.01
225	17	1733
226	60	3761
227	29	4236
228	34	4263
229	70	4276
230	59	4312
231	8	4322
232	43	4323
233	33	4327
234	8	4346
235	22	4356
236	12	4375
237	38	4390
238	30	4402
239	63	4408
240	47	4412
241	37	4414
242	107	4432
243	49	4435
244	55	4453
245	38	4462
246	61	4464
247	38	4487
248	29	4503
249	63	4508
250	53	4510
251	80	4523
252	65	4531
253	67	4535
254	4	4536
255	71	4537
256	63	4545
257	89	4579
258	89	4582
259	87	4587
260	17	4601
261	42	4605
262	53	4658
263	21	4671
264	79	4687
265	51	4738
266	1	6
267	6	10
268	12	23
269	1	57
270	7	98
271	6	101
272	7	106
273	6	110
274	7	123
275	1	133
276	9	134
277	8	140
278	9	148
279	7	155
280	4	160
281	7	171
282	10	173
283	8	182
284	9	184
285	9	197
286	10	212
287	6	217
288	9	224
289	4	258
290	11	265
291	6	269
292	8	272
293	10	276
294	7	283
295	8	284
296	7	290
297	1	298.01
298	7	301
299	7	303
300	13	304
301	10	310
302	10	315
303	7	320
304	7	321
305	10	323
306	9	325
307	4	415
308	8	442
309	7	449
310	10	451
311	7	458
312	7	463
313	12	464
314	8	469
315	8	480
316	11	486
317	9	490
318	9	491
319	7	493
320	11	494
321	14	495
322	7	499
323	12	509
324	13	511
325	14	512
326	10	513
327	9	518
328	11	519
329	9	526
330	12	529
331	9	535
332	7	538
333	12	539
334	8	540
335	10	545
336	10	548
337	10	557
338	7	565
339	7	570
340	7	574
341	12	576
342	9	587
343	10	591
344	8	613
345	10	617
346	8	30
347	14	233
348	14	260
349	15	287
350	40	293
351	20	306
352	3	308
353	6	398
354	6	442
355	16	443
356	15	445
357	5	460
358	16	466
359	13	470
360	20	489
361	27	507
362	3	520
363	7	521
364	8	626
365	11	654
366	8	664
367	9	665
368	12	678
369	4	682
370	22	695
371	21	698
372	23	701
373	20	714
374	5	720
375	33	721
376	34	723
377	20	727
378	15	733
379	14	738
380	19	742
381	4	746
382	8	751
383	22	1251
384	21	1402
385	21	1412
386	20	1415
387	24	1431
388	28	1445
389	12	1446
390	12	1449
391	12	1455
392	23	1457
393	17	1468
394	21	1480
395	18	1527
396	4	1530
397	13	1545
398	5	1546
399	21	1568
400	20	1579
401	28	1581
402	5	1585
403	7	1589
404	19	1590
405	13	1621
406	6	1622
407	19	1627
408	14	1671
409	8	1676
410	19	1715
411	17	1725
412	10	1729
413	22	1734
414	30	1735
415	6	1744
416	21	1748
417	21	1753
418	31	1761
419	16	92
420	7	235
421	26	266
422	17	273
423	13	353
424	23	439
425	19	488
426	9	504
427	22	525
428	26	530
429	21	719
430	30	736
431	11	752
432	20	762
433	22	764
434	9	767
435	9	768
436	8	787
437	15	797
438	14	802
439	32	811
440	28	1793
441	43	1823
442	25	1829
443	32	1833
444	8	1836
445	37	1840
446	33	1885
447	8	1888
448	10	1901
449	41	1902
450	13	1905
451	8	1939
452	19	1985
453	19	1987
454	20	1993
455	20	2002
456	18	2009
457	25	2014
458	18	2030
459	25	2035
460	26	2056
461	17	83
462	13	158
463	34	808
464	156	843
465	93	861
466	14	868
467	27	940
468	42	1227
469	8	1258
470	31	1420
471	74	1422
472	33	1498
473	42	1536
474	10	1597
475	22	1767
476	69	1837
477	48	1892
478	61	1929
479	34	2070
480	17	2136
481	23	2168
482	26	2210
483	95	2234
484	27	2242.01
485	103	2276
486	16	2286
487	5	3181
488	1	3337
489	3	3419
490	12	3517
491	49	3598
492	45	3622
493	35	3665
494	6	3724
495	44	3767
496	11	3934
497	3	3958
498	24	3968
499	3	4010
500	20	4014
501	11	4037
502	5	4040
503	21	4065
504	42	4098
505	31	4121
506	30	4174
507	7	4228
508	32	4239
509	17	4297
510	9	4314
511	17	24
512	8	188
513	15	197
514	9	249
515	13	252
516	13	262
517	23	281
518	12	319
519	5	380
520	7	410
521	14	412
522	17	424
523	12	454
524	18	458
525	17	491
526	17	494
527	20	505
528	10	525
529	15	527
530	10	535.01
531	17	554
532	13	554
533	17	571
534	14	576
535	17	579
536	7	601
537	22	629
538	14	639
539	10	836
540	3	901
541	12	934
542	11	940
543	7	945
544	10	955
545	10	966
546	10	985
547	5	1012
548	11	1043
549	16	1058
550	15	1063
551	16	1079
552	16	1084
553	8	1085
554	13	1085
555	12	1087
556	7	1124
557	15	1125
558	21	1134
559	17	1142
560	12	1160
561	12	1169
562	16	1180
563	1	1181
564	11	1202
565	4	1206
566	20	33
567	1	72
568	1	170
569	1	174
570	8	251
571	10	252
572	7	277
573	6	285
574	10	496
575	9	521
576	23	553
577	19	555
578	17	588
579	8	593
580	22	599
581	14	609
582	25	612
583	16	618
584	5	627
585	26	632
586	19	755
587	6	880
588	27	888
589	30	889
590	27	894
591	7	909
592	29	926
593	2	927
594	20	927.01
595	6	927.02
596	6	948
597	42	962
598	25	972
599	28	993
600	8	1001
601	10	1006
602	3	1016
603	15	1019
604	22	1020
605	1	1031
606	39	1043
607	11	2192
608	25	2266
609	13	2319
610	17	2342
611	7	2346
612	23	2363
613	10	2367
614	7	2384
615	34	2396
616	19	2435
617	7	2438
618	15	2445
619	32	2456
620	15	2459
621	34	2470
622	34	2472
623	12	2475
624	15	2480
625	36	2497
626	25	2513
627	1	2569
628	17	2574
629	24	2581
630	22	2593
631	33	2603
632	9	2623
633	42	2629
634	27	2630
635	13	2638
636	33	2700
637	40	2702
638	16	2706
639	21	2709
640	32	2751
641	50	2773
642	21	2793
643	9	2798
644	6	2805
645	9	2810
