154
31
12
66
34
74
111
38
27
41
102
59
23
65
16
80
3
57
70
7
13
36
108
5
92
5
122
37
79
10
100
129
78
45
4
32
51
61
15
21
109
31
40
25
115
44
32
38
15
140
9
131
47
59
127
59
12
63
104
52
14
67
6
95
1
21
1
22
37
1
16
33
30
33
34
12
11
65
43
16
22
26
8
46
42
55
58
16
58
55
76
74
45
38
35
45
51
26
47
41
4
40
38
12
37
35
14
46
41
42
36
35
31
78
47
56
58
15
23
9
46
31
27
46
35
41
14
64
18
32
61
14
82
30
36
61
38
2
65
59
48
34
8
43
47
77
48
71
63
1
4
26
7
94
57
13
58
38
49
48
43
76
74
17
3
29
20
98
77
70
65
79
63
35
16
25
50
38
36
40
49
61
24
77
63
1
18
12
7
7
1
23
20
19
15
37
38
20
10
19
1
48
17
15
29
17
55
11
54
21
39
7
50
37
25
49
62
28
74
10
75
29
51
46
17
60
29
34
70
59
8
43
33
8
22
12
38
30
63
47
37
107
49
55
38
61
38
29
63
53
80
65
67
4
71
63
89
89
87
17
42
53
21
79
51
1
6
12
1
7
6
7
6
7
1
9
8
9
7
4
7
10
8
9
9
10
6
9
4
11
6
8
10
7
8
7
1
7
7
13
10
10
7
7
10
9
4
8
7
10
7
7
12
8
8
11
9
9
7
11
14
7
12
13
14
10
9
11
9
12
9
7
12
8
10
10
10
7
7
7
12
9
10
8
10
8
14
14
15
40
20
3
6
6
16
15
5
16
13
20
27
3
7
8
11
8
9
12
4
22
21
23
20
5
33
34
20
15
14
19
4
8
22
21
21
20
24
28
12
12
12
23
17
21
18
4
13
5
21
20
28
5
7
19
13
6
19
14
8
19
17
10
22
30
6
21
21
31
16
7
26
17
13
23
19
9
22
26
21
30
11
20
22
9
9
8
15
14
32
28
43
25
32
8
37
33
8
10
41
13
8
19
19
20
20
18
25
18
25
26
17
13
34
156
93
14
27
42
8
31
74
33
42
10
22
69
48
61
34
17
23
26
95
27
103
16
5
1
3
12
49
45
35
6
44
11
3
24
3
20
11
5
21
42
31
30
7
32
17
9
17
8
15
9
13
13
23
12
5
7
14
17
12
18
17
17
20
10
15
10
17
13
17
14
17
7
22
14
10
3
12
11
7
10
10
10
5
11
16
15
16
16
8
13
12
7
15
21
17
12
12
16
1
11
4
20
1
1
1
8
10
7
6
10
9
23
19
17
8
22
14
25
16
5
26
19
6
27
30
27
7
29
2
20
6
6
42
25
28
8
10
3
15
22
1
39
11
25
13
17
7
23
10
7
34
19
7
15
32
15
34
34
12
15
36
25
1
17
24
22
33
9
42
27
13
33
40
16
21
32
50
21
9
6
9
