5
16
38
6
4
10
45
9
22
28
1
7
22
20
1
7
2
23
3
38
23
21
1
1
34
8
11
8
32
3
3
29
2
12
21
2
5
20
22
2
7
4
17
27
2
2
20
8
20
4
9
19
44
30
42
14
17
13
2
11
135
83
42
4
23
50
128
11
8
12
68
9
2
29
14
26
10
23
29
1
17
20
5
79
19
1
100
95
33
12
34
53
62
1
1
3
28
233
10
16
127
97
17
18
10
23
4
10
100
25
30
1
82
55
77
3
57
17
2
36
153
1
121
47
63
3
145
48
15
17
33
11
27
31
30
35
7
7
22
6
16
3
35
1
35
5
23
6
72
29
2
38
3
6
9
11
30
14
12
15
23
26
7
23
13
12
12
2
22
25
10
47
35
55
35
23
6
23
17
10
20
2
25
24
9
6
35
40
3
24
15
25
35
28
18
35
19
3
36
2
33
35
8
28
22
23
14
27
24
38
61
9
32
15
36
6
15
48
25
12
1
6
1
20
17
3
9
15
1
30
12
7
22
4
3
3
13
2
14
10
3
20
4
13
42
1
21
19
17
6
3
18
35
22
21
15
9
30
39
5
7
1
28
14
31
26
23
27
5
38
1
7
33
39
12
10
41
22
19
11
23
35
36
29
39
45
43
14
35
7
46
62
42
12
8
5
41
30
32
24
42
8
41
7
69
6
67
47
6
24
26
11
10
51
13
22
32
3
2
2
2
1
1
2
1
3
3
1
3
2
3
2
2
3
2
5
2
1
3
3
5
3
2
2
2
3
3
3
2
2
2
2
3
1
2
1
3
1
2
2
3
2
1
3
3
2
4
6
6
6
6
4
4
1
6
6
1
3
1
1
1
3
1
3
4
9
2
3
3
1
2
2
4
2
2
14
8
1
5
8
7
7
1
2
1
6
18
8
3
7
11
9
9
14
9
7
7
13
2
14
11
7
11
9
7
18
11
5
2
8
10
11
9
4
1
8
6
1
5
12
5
20
1
1
17
20
22
3
1
16
13
12
8
10
4
8
4
7
9
10
15
9
1
10
1
10
6
13
12
1
12
5
15
11
3
11
4
3
1
15
15
8
9
12
11
12
21
15
8
18
10
3
6
5
66
7
86
42
47
24
6
70
5
7
3
29
62
15
46
8
1
98
66
9
5
4
8
2
41
7
44
7
45
22
1
6
5
5
8
4
10
52
6
61
15
1
3
4
12
30
44
12
26
4
36
61
11
18
24
54
8
21
25
10
2
1
10
4
5
11
29
2
10
13
36
9
3
2
11
7
2
8
24
17
6
8
7
5
32
10
5
13
31
6
1
1
1
8
1
1
1
1
12
8
1
1
11
1
4
13
4
27
7
1
10
17
8
12
7
29
2
1
7
4
2
3
5
6
19
1
5
12
1
23
14
3
16
2
21
9
13
11
2
2
14
9
2
15
16
4
23
5
24
29
19
5
5
2
6
9
4
14
16
15
16
5
27
5
10
1
3
1
17
16
7
1
3
2
6
10
13
10
6
1
1
2
10
8
5
7
17
19
17
2
3
5
9
18
9
1
3
15
9
11
19
14
15
2
23
10
20
9
20
7
28
30
21
32
22
6
4
4
15
9
7
15
9
4
4
3
5
6
29
11
18
20
10
4
34
56
45
41
57
11
11
52
23
19
49
37
18
23
5
58
7
42
57
57
43
42
22
17
19
27
49
17
30
63
5
29
59
7
27
30
55
5
10
4
77
51
36
9
21
55
47
83
45
1
7
21
30
32
4
10
24
76
17
24
8
17
7
14
7
23
47
76
53
36
17
8
11
43
9
14
8
42
24
39
71
45
71
19
5
68
13
62
17
28
6
37
24
6
21
14
13
28
24
6
61
30
4
27
44
1
1
1
1
15
1
13
